0 0.056006 0.151515 0.042208 0.131313
0 0.047078 0.631313 0.068182 0.184704
0 0.070617 0.909812 0.064935 0.178932
0 0.373377 0.853535 0.076299 0.227994
0 0.539773 0.923160 0.061688 0.153680
0 0.646104 0.773449 0.064935 0.226551
0 0.537744 0.696970 0.064123 0.200577
0 0.568588 0.502886 0.052760 0.187590
0 0.488636 0.437951 0.043831 0.190476
0 0.372971 0.314574 0.051136 0.197691
0 0.314123 0.398990 0.047078 0.167388
0 0.305601 0.542569 0.075487 0.186147
0 0.593344 0.252525 0.032468 0.131313
0 0.859172 0.380231 0.041396 0.190476
0 0.938312 0.344877 0.043831 0.194805
0 0.890016 0.124098 0.028409 0.142857
0 0.730519 0.091631 0.025974 0.138528
0 0.489854 0.132035 0.031656 0.144300
0 0.456575 0.101010 0.031656 0.139971
0 0.422890 0.090188 0.032468 0.147186
0 0.381899 0.073593 0.038149 0.119769
0 0.912338 0.798701 0.053571 0.253968
0 0.189123 0.503608 0.037338 0.163059
0 0.250812 0.510823 0.038961 0.131313
0 0.222808 0.538240 0.036526 0.160173
0 0.128247 0.095238 0.032468 0.116883
0 0.130276 0.040765 0.054383 0.081530
0 0.627435 0.277778 0.035714 0.121212
0 0.527192 0.334776 0.051136 0.160173
0 0.126623 0.960678 0.055195 0.078644
0 0.912744 0.947691 0.072240 0.104618
0 0.978084 0.448773 0.043831 0.171717
0 0.987825 0.251082 0.024350 0.165945
0 0.907873 0.192641 0.030032 0.138528
0 0.915179 0.094517 0.023539 0.092352
0 0.528815 0.034271 0.031656 0.068542
0 0.654221 0.068543 0.019481 0.101010
0 0.594562 0.050144 0.028409 0.100288
0 0.612825 0.045815 0.022727 0.091630
0 0.648133 0.043651 0.025162 0.087302
0 0.224838 0.448773 0.029221 0.088023
0 0.008117 0.875902 0.016234 0.125541
0 0.389205 0.212843 0.041396 0.132756